EpochTime: 2016-01-01T00:00:00.000

Assigned Constellations:
	Constelation walker1: 1 satellites
		Satellite Satellite{payload=[Instrument{Name=view1 NadirSimpleConicalFieldOfView{halfAngle=0.7853981633974483}], orbit=keplerian parameters: {a: 6978137.0; e: 1.0E-4; i: 45.0; pa: 0.0; raan: 0.0; v: 0.0;}, name=sat_walker_0, attProv=null, wetMass=1000.0, dryMass=1000.0, grossMass=2000.0}
PointNumber:        0
Lat:                -1.74532925199433e-01
Lon:                -2.09439510239316e-01
Alt:                0.00000000000000e+00
NumberOfIntervals:   0

